      0/39        0G   0.09816    0.0286    0.0254    0.1522        64       640  0.005904   0.02161  0.001398 0.0002096    0.0846   0.02653   0.02267
      1/39        0G   0.08947   0.02614    0.0229    0.1385         5       640   0.01119   0.02234  0.001828 0.0003535   0.08137   0.02585   0.02086
      2/39        0G   0.08837   0.02669   0.02112    0.1362         7       640   0.01282   0.01457  0.001602 0.0003134   0.08022   0.02564   0.01954
      3/39        0G   0.08659   0.02681   0.01979    0.1332        10       640   0.00547   0.03569  0.001317 0.0002366   0.07937   0.02586   0.01884
      4/39        0G   0.08547    0.0254   0.01958    0.1305         8       640   0.01515   0.02865  0.002067 0.0003173   0.07966   0.02589   0.01823
      5/39        0G   0.08503   0.02694   0.01948    0.1315         5       640    0.0472   0.01602  0.007551  0.001863   0.07751   0.02669   0.01805
      6/39        0G   0.08457   0.02633   0.01938    0.1303         6       640   0.02697   0.01262  0.002767 0.0003629    0.0765   0.02719   0.01806
      7/39        0G   0.08296   0.02754    0.0183    0.1288         5       640   0.02205   0.01675   0.00387 0.0007413   0.07525   0.02758   0.01805
      8/39        0G   0.08336   0.02656   0.01888    0.1288         5       640   0.03108   0.01893  0.002719 0.0004578   0.07437   0.02748   0.01774
      9/39        0G   0.08126   0.02695   0.01822    0.1264         5       640   0.01433   0.02792  0.003032 0.0004823   0.07496   0.02712   0.01756
     10/39        0G   0.08264    0.0271    0.0192    0.1289         5       640   0.01613   0.02743    0.0036 0.0006239   0.07545   0.02656   0.01749
     11/39        0G   0.08251   0.02669    0.0194    0.1286         5       640   0.00744   0.05632  0.001763 0.0002587   0.07466   0.02724   0.01769
     12/39        0G   0.08076   0.02775   0.01822    0.1267         5       640  0.008464   0.03641  0.002373 0.0004552   0.07371   0.02722   0.01761
     13/39        0G   0.08077   0.02729   0.01884    0.1269         5       640    0.1195   0.02792  0.004725   0.00074   0.07335   0.02699   0.01758
     14/39        0G   0.08041   0.02676    0.0185    0.1257         6       640    0.0671    0.0607   0.01141  0.002256   0.07265   0.02683   0.01775
     15/39        0G   0.08054   0.02614   0.01924    0.1259         5       640   0.07654   0.05875   0.01036  0.002164   0.07202   0.02684   0.01748
     16/39        0G   0.07953   0.02614   0.01847    0.1241         5       640    0.0528   0.07673    0.0122  0.003362   0.07143   0.02686   0.01745
     17/39        0G   0.07835    0.0262   0.01858    0.1231         8       640   0.07775    0.0585   0.01156  0.002467   0.07079   0.02702   0.01745
     18/39        0G   0.07767   0.02733   0.01808    0.1231         6       640   0.05842   0.03859   0.01519  0.003831   0.07065   0.02743   0.01759
     19/39        0G   0.07751   0.02574   0.01773     0.121         5       640   0.05873   0.06676   0.01473  0.003768   0.07017   0.02746   0.01769
     20/39        0G   0.07699   0.02604   0.01823    0.1213         5       640   0.04113    0.1022   0.01584  0.003776   0.06982   0.02716   0.01773
     21/39        0G   0.07793   0.02564   0.01835    0.1219         5       640   0.04538      0.11   0.01782  0.004319   0.06965   0.02686   0.01766
     22/39        0G   0.07733   0.02735   0.01816    0.1228         5       640   0.04848   0.09716   0.01812  0.004243   0.06945   0.02686   0.01764
     23/39        0G   0.07657   0.02674   0.01814    0.1215         8       640   0.07032   0.09202   0.02476  0.005766   0.06861   0.02654   0.01757
     24/39        0G    0.0767   0.02634    0.0182    0.1212         8       640   0.06259    0.1234   0.02711  0.006221   0.06784   0.02598   0.01762
     25/39        0G   0.07419   0.02601   0.01816    0.1184         5       640   0.06448     0.126   0.03043  0.007639    0.0679   0.02597   0.01759
     26/39        0G   0.07423   0.02636   0.01819    0.1188         7       640    0.0876    0.1032   0.03154  0.008237    0.0676   0.02578   0.01753
     27/39        0G   0.07375   0.02445   0.01805    0.1162         5       640   0.08133    0.1228   0.03689  0.009575   0.06696   0.02541   0.01762
     28/39        0G   0.07383   0.02497    0.0183    0.1171         5       640   0.08833    0.1012   0.04147   0.01208   0.06626   0.02521   0.01762
     29/39        0G   0.07376   0.02657   0.01812    0.1184         5       640   0.08151     0.126   0.04091   0.01136   0.06621   0.02515   0.01759
     30/39        0G   0.07379   0.02521   0.01737    0.1164         5       640     0.102    0.1005   0.04319    0.0116    0.0658   0.02516   0.01762
     31/39        0G   0.07314   0.02469   0.01871    0.1165         5       640   0.08116    0.1301   0.04397   0.01199   0.06526   0.02502   0.01758
     32/39        0G   0.07439   0.02517   0.01808    0.1176         8       640   0.08815    0.1165   0.04849   0.01365     0.065    0.0249   0.01764
     33/39        0G   0.07184   0.02432   0.01906    0.1152         8       640    0.1079    0.1156   0.05062   0.01416     0.065   0.02487   0.01766
     34/39        0G   0.07163   0.02436   0.01793    0.1139         5       640    0.1058    0.1275   0.05081   0.01507   0.06467   0.02462   0.01769
     35/39        0G   0.07286   0.02584   0.01865    0.1174         5       640   0.08109    0.1622   0.05526   0.01604   0.06421   0.02474   0.01766
     36/39        0G   0.07162    0.0256   0.01819    0.1154         5       640   0.09847    0.1569   0.06199   0.01803   0.06371   0.02444   0.01769
     37/39        0G   0.07089   0.02507    0.0181    0.1141         5       640   0.09457    0.1642     0.061   0.01764   0.06371   0.02439   0.01769
     38/39        0G   0.07038   0.02534   0.01883    0.1145         6       640    0.1012    0.1754   0.06573   0.01892   0.06352   0.02428   0.01766
     39/39        0G   0.07049   0.02469   0.01873    0.1139        11       640   0.09115    0.1834   0.06502   0.01876   0.06328   0.02425   0.01765
