      0/39        0G    0.1041   0.02889   0.02691    0.1599        31       640  0.001182    0.1448 0.0002267 3.233e-05    0.0894   0.02639   0.02508
      1/39        0G   0.09657   0.02708   0.02578    0.1494        31       640  0.008065   0.00839 0.0007578 0.0001369   0.08473   0.02546   0.02406
      2/39        0G   0.09131   0.02628   0.02421    0.1418        31       640  0.008645   0.01997   0.00372 0.0009185   0.08864    0.0232   0.02378
      3/39        0G   0.08962     0.027    0.0233    0.1399        31       640   0.03343  0.006366  0.003577  0.001286   0.08266   0.02416   0.02272
      4/39        0G   0.08943   0.02599   0.02288    0.1383        31       640   0.01375   0.01071  0.002301 0.0007832    0.0826   0.02372   0.02226
      5/39        0G   0.08642   0.02603   0.02245    0.1349        18       640  0.008187   0.01447  0.001022 0.0001971   0.08161   0.02384   0.02169
      6/39        0G   0.08761   0.02582   0.02176    0.1352        34       640  0.003318  0.007818  0.000517 6.944e-05   0.08006   0.02403   0.02165
      7/39        0G   0.08752   0.02529   0.02149    0.1343        32       640   0.01525  0.007525  0.002018 0.0002647    0.0814   0.02364   0.02131
      8/39        0G    0.0869   0.02645   0.02103    0.1344        19       640  0.004581   0.01071 0.0004419 6.784e-05   0.08503    0.0227   0.02183
      9/39        0G   0.08678   0.02605   0.02095    0.1338        38       640   0.01395  0.005207  0.001719 0.0003425   0.08214   0.02319   0.02137
     10/39        0G   0.08675   0.02672   0.02096    0.1344        31       640  0.005591   0.04342 0.0007797 0.0001143   0.08182   0.02318   0.02113
     11/39        0G   0.08595   0.02676   0.02068    0.1334        23       640  0.002418   0.06662 0.0005868 8.653e-05   0.08015   0.02358   0.02088
     12/39        0G   0.08541   0.02679   0.02065    0.1328        31       640  0.002362    0.1037 0.0005579 8.952e-05   0.08021   0.02357   0.02075
     13/39        0G   0.08549   0.02664   0.02163    0.1338        36       640  0.001972    0.0139 0.0005064 7.977e-05   0.07936   0.02383   0.02068
     14/39        0G   0.08407   0.02556   0.02096    0.1306        31       640  0.002211    0.1862 0.0004884 7.908e-05   0.07878   0.02378    0.0207
     15/39        0G   0.08417   0.02598   0.02125    0.1314        31       640  0.002523   0.08748 0.0006616 0.0001017   0.07868   0.02374   0.02061
     16/39        0G   0.08471   0.02595   0.02084    0.1315        19       640  0.003708   0.02983 0.0005444 8.612e-05   0.07835   0.02382   0.02056
     17/39        0G   0.08489   0.02708   0.01987    0.1318        31       640  0.002364   0.03273 0.0004664 7.354e-05   0.07787   0.02399   0.02056
     18/39        0G   0.08379   0.02587   0.02061    0.1303        21       640  0.007132   0.03418  0.000502  7.21e-05   0.07778    0.0241   0.02051
     19/39        0G   0.08426   0.02671   0.02085    0.1318        34       640  0.004511   0.07444 0.0006176 9.237e-05   0.07752    0.0242   0.02055
     20/39        0G   0.08261   0.02711   0.01959    0.1293        33       640  0.002033    0.1356 0.0005766  8.52e-05    0.0775   0.02418    0.0205
     21/39        0G   0.08405   0.02751    0.0207    0.1323        31       640  0.002504    0.1923 0.0005767 8.584e-05   0.07749   0.02416   0.02054
     22/39        0G   0.08444   0.02719   0.01998    0.1316        31       640  0.001983   0.07445 0.0004485 7.076e-05   0.07749   0.02409   0.02038
     23/39        0G   0.08255   0.02634   0.01984    0.1287        21       640  0.001783    0.0226  0.000505  7.74e-05   0.07725   0.02414   0.02037
     24/39        0G   0.08378    0.0271   0.02138    0.1323        28       640  0.003016    0.0391 0.0005297 7.746e-05   0.07727   0.02408   0.02039
     25/39        0G   0.08298   0.02618   0.02041    0.1296        19       640  0.001812   0.03882  0.000569 8.485e-05   0.07724   0.02406   0.02041
     26/39        0G   0.08292    0.0261   0.02109    0.1301         9       640  0.002006   0.04461 0.0006004  8.88e-05   0.07694   0.02412   0.02032
     27/39        0G   0.08305   0.02638   0.02082    0.1302        36       640  0.002914   0.07676 0.0006616 0.0001031   0.07686   0.02404   0.02026
     28/39        0G   0.08273   0.02677   0.02023    0.1297        33       640  0.002228   0.02317 0.0006069 9.608e-05   0.07669   0.02407   0.02028
     29/39        0G   0.08094    0.0274   0.02067     0.129        42       640   0.00293   0.08777 0.0006224 9.228e-05    0.0766   0.02407   0.02034
     30/39        0G   0.08303   0.02741   0.02195    0.1324        27       640  0.002265   0.02549 0.0006252 9.315e-05   0.07661   0.02403   0.02024
     31/39        0G   0.08202   0.02611   0.02112    0.1292        20       640  0.001805   0.03708 0.0008233 0.0001097   0.07646   0.02412   0.02024
     32/39        0G   0.08422   0.02691   0.02053    0.1317        25       640  0.004529   0.03331 0.0006337 0.0001145   0.07624   0.02412    0.0203
     33/39        0G   0.08141   0.02721   0.02047    0.1291        31       640  0.002239    0.1923 0.0009224 0.0002068   0.07615   0.02413   0.02031
     34/39        0G   0.08328   0.02745   0.02148    0.1322        31       640  0.001917   0.05272 0.0007162 0.0001166   0.07626   0.02412   0.02031
     35/39        0G   0.08316    0.0272   0.02112    0.1315        31       640  0.003458   0.08082  0.001231 0.0004024   0.07618   0.02408   0.02023
     36/39        0G   0.08245   0.02688   0.02011    0.1294        31       640  0.002338    0.1422  0.003138 0.0005966   0.07612   0.02406   0.02012
     37/39        0G   0.08421   0.02622   0.02041    0.1308        31       640  0.002288   0.02607 0.0006352 9.765e-05   0.07603   0.02404   0.02017
     38/39        0G   0.08197   0.02554   0.02052     0.128        31       640  0.002348   0.02839 0.0008143 0.0001139   0.07608   0.02401   0.02014
     39/39        0G   0.08103    0.0271   0.02095    0.1291        31       640  0.002645    0.1451 0.0006822 0.0001114   0.07598   0.02402   0.02019
