      0/39        0G   0.09955   0.02988   0.02543    0.1549         6       640  0.004815   0.05359   0.00136 0.0002311    0.0848   0.03044   0.02267
      1/39        0G   0.09361   0.02606   0.02392    0.1436         6       640   0.01076   0.02608  0.002497 0.0004241   0.08337    0.0277   0.02117
      2/39        0G   0.08931   0.02727     0.022    0.1386         5       640   0.01105   0.02978  0.003075 0.0006831   0.08165   0.02713   0.01963
      3/39        0G   0.08819    0.0272   0.01981    0.1352         5       640   0.01058   0.03855   0.00292 0.0006484   0.08053   0.02691   0.01798
      4/39        0G   0.08467   0.02522   0.01834    0.1282         6       640   0.02559   0.01642  0.002998 0.0005421   0.08154   0.02669   0.01724
      5/39        0G   0.08548    0.0255   0.01807     0.129         5       640   0.05817   0.01224  0.006251  0.001805   0.07939   0.02699   0.01624
      6/39        0G   0.08377    0.0243   0.01839    0.1265         5       640   0.01469   0.02268  0.002569 0.0004721   0.07709   0.02772   0.01598
      7/39        0G   0.08524   0.02638   0.01747    0.1291         5       640    0.0389     0.016  0.005609 0.0009336   0.07698   0.02777   0.01524
      8/39        0G   0.08335   0.02566   0.01772    0.1267         7       640   0.02264   0.03187  0.004692 0.0007968   0.07574   0.02851   0.01499
      9/39        0G   0.08134   0.02767   0.01783    0.1268         5       640    0.0202   0.02769  0.004267 0.0007424   0.07449   0.02914   0.01475
     10/39        0G    0.0822   0.02756   0.01679    0.1265         7       640   0.03265   0.02185  0.005765  0.001105   0.07414   0.03025   0.01445
     11/39        0G   0.08108   0.02624   0.01669     0.124         5       640   0.02478   0.03145  0.009177  0.002631   0.07302   0.03084   0.01433
     12/39        0G   0.08064   0.02775   0.01663     0.125         5       640   0.03827   0.03229  0.009029  0.001615   0.07315   0.02992   0.01413
     13/39        0G   0.08066   0.02819    0.0153    0.1242         5       640   0.04506   0.03312  0.008656  0.001125   0.07231   0.03096   0.01397
     14/39        0G   0.07866   0.02705   0.01562    0.1213         7       640   0.04021   0.03396  0.005415   0.00124   0.07228   0.03157   0.01401
     15/39        0G   0.07878   0.02699   0.01532    0.1211         5       640    0.2164   0.03145  0.007652  0.001674   0.07158   0.03197   0.01351
     16/39        0G    0.0783   0.02679   0.01527    0.1204         5       640   0.07271   0.03981  0.005049  0.001164   0.07117   0.03198   0.01357
     17/39        0G   0.07885   0.02728   0.01623    0.1224         7       640    0.5202    0.0213  0.005967 0.0008751   0.07046   0.03124   0.01351
     18/39        0G   0.07848   0.02755   0.01503    0.1211         5       640   0.04073   0.03396   0.01068  0.002267   0.07051    0.0309   0.01351
     19/39        0G   0.07642   0.02757   0.01584    0.1198         6       640    0.5161   0.02415  0.009516  0.002287   0.07011   0.03092   0.01339
     20/39        0G   0.07909   0.02874    0.0151    0.1229        68       640   0.02533   0.06487   0.00405 0.0006297   0.07049   0.03077   0.01342
     21/39        0G   0.07816   0.02824   0.01557     0.122         5       640   0.08806    0.0632   0.01188  0.003061   0.06953   0.03103   0.01317
     22/39        0G   0.07776   0.02753   0.01515    0.1204         5       640    0.5369   0.02297  0.008121    0.0016   0.06889   0.03102   0.01293
     23/39        0G   0.07838   0.02798    0.0153    0.1217         5       640   0.01786   0.05556  0.007072  0.001316   0.06943   0.03039   0.01307
     24/39        0G   0.07785   0.02916   0.01436    0.1214         5       640    0.5235   0.03425   0.01054  0.001902   0.06941   0.03048   0.01303
     25/39        0G   0.07816   0.02723   0.01572    0.1211         4       640    0.2636   0.07736  0.009394  0.001717   0.06865   0.03087   0.01279
     26/39        0G   0.07774   0.02698    0.0156    0.1203         5       640    0.5146   0.06738   0.01346  0.003081   0.06884   0.03073   0.01276
     27/39        0G   0.07566   0.02738   0.01496     0.118         5       640    0.5218   0.05347  0.008764  0.002289   0.06913   0.03055   0.01285
     28/39        0G    0.0797   0.02695   0.01462    0.1213         5       640     0.543   0.03133  0.009585  0.001977   0.06915   0.03042   0.01273
     29/39        0G   0.07695   0.02752   0.01443    0.1189         5       640    0.5345    0.0401   0.01078  0.002639   0.06871   0.03071   0.01265
     30/39        0G   0.07678   0.02722   0.01491    0.1189         7       640    0.5354   0.04762   0.01183  0.002937   0.06793   0.03057   0.01268
     31/39        0G   0.07712   0.02917   0.01475     0.121         6       640    0.5365   0.04428  0.009592  0.001873   0.06819   0.03044   0.01274
     32/39        0G   0.07755   0.02509   0.01391    0.1166         5       640    0.5338   0.04929   0.01007  0.002638   0.06864   0.03047   0.01251
     33/39        0G   0.07529   0.02705   0.01537    0.1177         5       640   0.02813   0.06099   0.01018  0.002905   0.06826    0.0305   0.01258
     34/39        0G   0.07745   0.02647   0.01564    0.1196         8       640    0.5381   0.04929   0.01079  0.002254   0.06805   0.03044   0.01256
     35/39        0G   0.07696   0.02725   0.01521    0.1194         5       640    0.5416   0.04887   0.01356  0.003409   0.06774   0.03043   0.01249
     36/39        0G   0.07488   0.02862   0.01503    0.1185         5       640    0.5425   0.04678    0.0119  0.002207   0.06791   0.03038    0.0125
     37/39        0G   0.07423   0.02768   0.01441    0.1163         5       640    0.5324   0.05263   0.01006  0.001761   0.06749   0.03044   0.01248
     38/39        0G   0.07293   0.02725   0.01354    0.1137         5       640    0.5388   0.04302      0.01  0.001899   0.06727   0.03044   0.01245
     39/39        0G   0.07573   0.02749    0.0143    0.1175         5       640    0.5344   0.04678   0.01153  0.002448   0.06683   0.03051   0.01236
